10059
1005A
20020
3006E
3006F
30077
20020
20069
20020
3006B
3006E
3006F
30077
20020
3006D
30079
20020
30061
30062
30063
30073
20020
3006E
30065
30078
30074
20020
30074
30069
3006D
30065
20020
30077
3006F
3006E
30074
20020
30079
3006F
30075
20020
30073
30069
3006E
30067
20020
30077
30069
30074
30068
20020
3006D
30065
20020
10061
10062
10063
10064
10065
10066
10067
10068
10069
1006A
1006B
1006C
1006D
1006E
1006F
10070
10071
10072
10073
10074
10075
10076
10077
10078
10079
1007A
10041
10042
10043
10044
10045
10046
10047
10048
10049
1004A
1004B
1004C
1004D
1004E
1004F
10050
10051
10052
10053
10054
10055
10056
10057
10058